0000000000000000000000000000000000000000
1111111011100000000000000000000000000000
1111111100110100000000000000000000000000
1111111100101100000000000000000000000000
1111111101010100000000000000000000000000
1111111101011100000000000000000000000000
1111111111110101000010000010000000000000
1111111100111000000000000000000000000000
1111111110000000000000000000000000000000
0000000000000000000000000000000000000000
0000000000000000000000000000000000000000
1111111011101000000011000000000000000000
1111111000110000000000001110001000000000
0000000000000000000000000000000000000000
0000000000000000000000000000000000000000
0000000000000000000000000000000000000000
0000000000000000000000000000000000000000
0000000000000000000000000000000000000000
0000000000000000000000000000000000000000
1111111111101000000001110010000000001000
0000000000000000000001101010000000000000
1111111111100000000000001100000000000000
1111111110000000000001110000000000000000
0000000000000000000000000000000000000000
1111111100000000000000000000000000000000
1111111011000000001000100000000000100111
0000000000000000000000000000000000000000
1111111011101000000111100000000000000000
1111111111101000000000010010000000000000
1111111111011000000000010000001100000000
0000000000000111110001100000000000000000
1111111100001000000000000000000000000000
1111111111110100000000000010000000000000
1111111111011000000001110000001000000000
1111110110100101000010000010000000000000
0000000000000000000000001110001000000000
1111110110101101000010000010000000000000
0000000000001000000000001110001000000000
1111110100100101000010000010000000000000
0000000000010000000000001110001000000000
1111110100101101000010000010000000000000
0000000000011000000000001110001000000000
1111111101000000000010000000000000000000
1111111101101000000010010000000000000000
1111111011010000010001110000000000000000
0000000000000000000000000000000000000000
0000000000000000000011000010000000000000
0000000000100000000000001110001000000000
0000000000001000000011000010000000000000
0000000000101000000000001110001000000000
1111111101000000000011010000000000000000
1111111101101000000011100000000000000000
1111111011010000010001110000000000000000
0000000000000000000000000000000000000000
0000000000010000000100010010000000000000
0000000001100000000000001110001000000000
0000000000011000000100010010000000000000
0000000001101000000000001110001000000000
0000000001100101000010000010000000000000
1111110110110000000000001110001000000000
0000000001101101000010000010000000000000
1111110110111000000000001110001000000000
0000000000100101000010000010000000000000
1111110101100000000000001110001000000000
0000000000101101000010000010000000000000
1111110101101000000000001110001000000000
0000000000000000000000000000000000000000
1111111000110000000000000000000000000000
0000000000000000000000000000000000000000
1111111011000000000011110000000000000000
0000000000000000000000000000000000000000
1111111011110000000000000000000000000000
1111111100000000000000000000000000000000
1111111001011000000000000000000000000000
0000000000000111110010110000000000000000
1111111000011101000010000010000000000000
1111111111101111110001100011010000000000
1111111000111101000010000010001001001000
1111111000011111110001010010000001000000
1111111000111111110001010011010001000000
1111111000011111110001010010000000100101
1111111001001111110001100011010000100101
1111111000110000000000001110001000000000
1111111000010000000000001111001000000000
1111111001000101000010000010000000000000
1111111000000101000010000010001000000000
1111111001001101000010000011010000000000
1111111000010101000010000010001000000000
1111111000111000000000001110001000000000
1111111000011000000000001111001000000000
1111111000101101000010000010000000001000
1111111111101101000111110010000000000000
1111111000101101000010000010000000100101
1111111000101000000000001110001000000000
1111111111101101000111110010001001000000
1111111111011111110000110000001000000000
1111111000101101000010000010000000000000
1111111111101111110001100010001001000000
1111111000101111110001100011000001001000
1111111111101111110000110010000000000000
1111111111101111110001110010000000100111
1111111111011111110001010000001000000000
1111111011111000000000000000000000000000
1111111100001000000000000000000000000000
1111111011011000000000000000000000000000
0000000000000000000000000000000000000000
